1
2
3
4
5
6
7
8
9
10
11
12
20
22
24
30
33
36
44
48
50
55
60
64
66
72
77
80
88
96
99
100
101
111
120
121
123
128
144
150
168
180
188
192
200
202
210
212
222
234
240
256
288
300
303
313
320
333
345
360
365
369
400
404
414
420
432
444
456
480
500
505
512
515
518
520
521
555
567
600
606
616
640
666
678
700
707
717
720
768
777
789
800
808
818
840
888
900
909
918
919
960
998
999
1000
1001
1024
1111
1221
1234
1314
1331
1337
1441
1551
1661
1771
1881
1984
1991
2000
2002
2012
2020
2021
2022
2023
2024
2025
2026
2048
2222
2345
3333
3344
3456
4096
4444
4567
5555
5678
6666
6789
7777
7788
8008
8080
8086
8088
8192
8888
9000
9001
9999
10000
12345
16384
20000
32768
50000
65536
100000
1314520
